[0,1,28,9107763,1,1]
[0,1,28,2639707,139,1]
[0,1,28,5653691,41,1]
[0,1,28,13573354,87,1]
[0,1,28,7064935,207,1]
[0,1,28,14967563,107,1]
[0,1,28,3064219,229,1]
[0,1,28,8695335,47,1]
[0,1,28,10428098,133,1]
[0,1,28,2695633,159,1]
[0,1,28,8612743,41,1]
[0,1,28,15140001,131,1]
[0,1,28,14735980,231,1]
[0,1,28,7043937,225,1]
[0,1,28,9853399,107,1]
[0,1,28,5229035,151,1]
[0,1,28,15321919,79,1]
[0,1,28,15770443,233,1]
[0,1,28,7509407,241,1]
[0,1,28,12322835,115,1]
[0,1,28,6583224,189,1]
[0,1,28,7805890,101,1]
[0,1,28,7921902,119,1]
[0,1,28,9099877,121,1]
[0,1,28,15924010,139,1]
[0,1,28,1384794,243,1]
[0,1,28,2942102,21,1]
[0,1,28,15908093,45,1]
[0,1,28,15601212,243,1]
[0,1,28,7214143,239,1]
[0,1,28,787470,111,1]
[0,1,28,3875237,13,1]
[0,1,28,12560073,59,1]
[0,1,28,2934718,191,1]
[0,1,28,3988224,45,1]
[0,1,28,9544330,61,1]
[0,1,28,7095091,145,1]
[0,1,28,7875915,109,1]
[0,1,28,6859313,121,1]
[0,1,28,5474152,105,1]
[0,1,28,12607168,83,1]
[0,1,28,4343713,193,1]
[0,1,28,12888139,67,1]
[0,1,28,8283352,197,1]
[0,1,28,8692265,127,1]
[0,1,28,8959676,133,1]
[0,1,28,3634821,137,1]
[0,1,28,14220842,55,1]
[0,1,28,8586407,217,1]
[0,1,28,10057362,131,1]
[0,1,28,8042839,153,1]
[0,1,28,13008407,123,1]
[0,1,28,1258616,199,1]
[0,1,28,12904245,19,1]
[0,1,28,3940669,197,1]
[0,1,28,13117415,61,1]
[0,1,28,10440159,201,1]
[0,1,28,6199087,159,1]
[0,1,28,3640537,95,1]
[0,1,28,99660,55,1]
[0,1,28,3525620,1,1]
[0,1,28,11233982,53,1]
[0,1,28,4362357,171,1]
[0,1,28,8884424,67,1]
[0,1,28,6250525,135,1]
[0,1,28,7829828,95,1]
[0,1,28,6647810,119,1]
[0,1,28,8024213,101,1]
[0,1,28,5968752,123,1]
[0,1,28,921820,91,1]
[0,1,28,4624369,15,1]
[0,1,28,936943,71,1]
[0,1,28,7047869,15,1]
[0,1,28,16625794,107,1]
[0,1,28,8527837,253,1]
[0,1,28,6830487,131,1]
[0,1,28,15342801,105,1]
[0,1,28,946432,235,1]
[0,1,28,15876278,15,1]
[0,1,28,15966619,243,1]
[0,1,28,4812019,243,1]
[0,1,28,9545760,73,1]
[0,1,28,7936299,145,1]
[0,1,28,15526237,121,1]
[0,1,28,14077023,237,1]
[0,1,28,5379806,215,1]
[0,1,28,10795353,83,1]
[0,1,28,16413259,165,1]
[0,1,28,2367076,251,1]
[0,1,28,15044185,37,1]
[0,1,28,15882232,229,1]
[0,1,28,10268064,243,1]
[0,1,28,2842956,157,1]
[0,1,28,16754046,43,1]
[0,1,28,2659188,255,1]
[0,1,28,15767490,41,1]
[0,1,28,9756552,241,1]
[0,1,28,14628430,149,1]
[0,1,28,7727181,223,1]
[0,1,28,3693134,117,1]
[0,1,28,3104495,57,1]
[0,1,28,9694168,47,1]
[0,1,28,8531476,147,1]
[0,1,28,4154691,131,1]
[0,1,28,4722131,63,1]
[0,1,28,13441817,73,1]
[0,1,28,10086421,205,1]
[0,1,28,5004082,153,1]
[0,1,28,9659632,77,1]
[0,1,28,878157,147,1]
[0,1,28,1991908,13,1]
[0,1,28,6188525,31,1]
[0,1,28,6463513,95,1]
[0,1,28,6863844,99,1]
[0,1,28,1164218,105,1]
[0,1,28,11351836,17,1]
[0,1,28,2661354,173,1]
[0,1,28,15612876,41,1]
[0,1,28,2260340,239,1]
[0,1,28,5919578,35,1]
[0,1,28,10735610,91,1]
[0,1,28,9911182,163,1]
[0,1,28,10265746,151,1]
[0,1,28,5192769,157,1]
[0,1,28,11926588,79,1]
[0,1,28,412159,181,1]
[0,1,28,14238172,7,1]
[0,1,28,6960072,217,1]
[0,1,28,13253428,107,1]
[0,1,28,1800480,203,1]
[0,1,28,5894626,27,1]
[0,1,28,8947562,89,1]
[0,1,28,25592,137,1]
[0,1,28,13203238,1,1]
[0,1,28,7736604,201,1]
[0,1,28,8510718,119,1]
[0,1,28,8429577,129,1]
[0,1,28,3744062,129,1]
[0,1,28,13172366,57,1]
[0,1,28,5832291,201,1]
[0,1,28,1531298,89,1]
[0,1,28,2982432,23,1]
[0,1,28,271337,45,1]
[0,1,28,8644021,5,1]
[0,1,28,12052405,131,1]
[0,1,28,10237667,183,1]
[0,1,28,509702,157,1]
[0,1,28,9980278,7,1]
[0,1,28,16393662,153,1]
[0,1,28,5916168,251,1]
[0,1,28,1907199,91,1]
[0,1,28,7265886,29,1]
[0,1,28,1366037,111,1]
[0,1,28,4682870,21,1]
[0,1,28,15738507,71,1]
[0,1,28,3167754,241,1]
[0,1,28,8176295,49,1]
[0,1,28,15037278,125,1]
[0,1,28,4348948,229,1]
[0,1,28,13600705,67,1]
[0,1,28,15574895,207,1]
[0,1,28,8230531,237,1]
[0,1,28,1441766,125,1]
[0,1,28,2670547,22,1]
[0,1,28,14602843,41,1]
[0,1,28,5685568,223,1]
[0,1,28,15897950,87,1]
[0,1,28,52352,243,1]
[0,1,28,1789471,1,1]
[0,1,28,827516,27,1]
[0,1,28,15955467,13,1]
[0,1,28,4524336,243,1]
[0,1,28,5292464,69,1]
[0,1,28,848172,81,1]
[0,1,28,13072548,13,1]
[0,1,28,11566553,199,1]
[0,1,28,13896051,177,1]
[0,1,28,2570137,213,1]
[0,1,28,94831,39,1]
[0,1,28,14137234,1,1]
[0,1,28,9552442,215,1]
[0,1,28,15188067,145,1]
[0,1,28,5602862,231,1]
[0,1,28,1072711,85,1]
[0,1,28,4532950,17,1]
[0,1,28,5241179,69,1]
[0,1,28,11427647,79,1]
[0,1,28,9775873,175,1]
[0,1,28,7150709,149,1]
[0,1,28,13668482,109,1]
[0,1,28,5605977,209,1]
[0,1,28,98532,85,1]
[0,1,28,14716831,1,1]
[0,1,28,1741751,225,1]
[0,1,28,2633121,27,1]
[0,1,28,12205219,41,1]
[0,1,28,16706854,187,1]
[0,1,28,4037364,255,1]
[0,1,28,5959853,61,1]
[0,1,28,11594328,91,1]
[0,1,28,5909605,177,1]
[0,1,28,15785308,91,1]
[0,1,28,11916556,241,1]
[0,1,28,3444800,181,1]
[0,1,28,7856063,53,1]
[0,1,28,13394329,119,1]
[0,1,28,1626155,205,1]
[0,1,28,16143228,25,1]
[0,1,28,15069236,247,1]
[0,1,28,15698635,229,1]
[0,1,28,13006904,239,1]
[0,1,28,10717909,199,1]
[0,1,28,11184050,163,1]
[0,1,28,8446630,171,1]
[0,1,28,15004631,129,1]
[0,1,28,9427919,229,1]
[0,1,28,13778413,143,1]
[0,1,28,5685733,211,1]
[0,1,28,1349341,87,1]
[0,1,28,6480284,21,1]
[0,1,28,12462934,99,1]
[0,1,28,3440530,191,1]
[0,1,28,11420684,53,1]
[0,1,28,13958389,175,1]
[0,1,28,11120474,213,1]
[0,1,28,9648400,169,1]
[0,1,28,8661146,147,1]
[0,1,28,12364597,133,1]
[0,1,28,9663113,189,1]
[0,1,28,15263494,147,1]
[0,1,28,8118540,233,1]
[0,1,28,1728174,123,1]
[0,1,28,4447849,27,1]
[0,1,28,1970498,67,1]
[0,1,28,4333420,31,1]
[0,1,28,171572,67,1]
[0,1,28,14379795,3,1]
[0,1,28,764877,219,1]
[0,1,28,12797803,11,1]
[0,1,28,4121673,195,1]
[0,1,28,9343372,63,1]
[0,1,28,1821370,143,1]
[0,1,28,10442841,27,1]
[0,1,28,1794480,159,1]
[0,1,28,13999930,27,1]
[0,1,28,10731908,213,1]
[0,1,28,9013038,163,1]
[0,1,28,14467204,137,1]
[0,1,28,15455923,221,1]
[0,1,28,7248304,235,1]
[0,1,28,6991566,111,1]
[0,1,28,11580425,107,1]
[0,1,28,4824002,177,1]
[0,1,28,4979764,73,1]
[0,1,28,7655705,75,1]
[0,1,28,13851347,117,1]
[0,1,28,5288044,211,1]
[0,1,28,6962391,81,1]
[0,1,28,11222162,107,1]
[0,1,28,10237171,171,1]
[0,1,28,10847940,157,1]
[0,1,28,16383521,165,1]
[0,1,28,7828252,249,1]
[0,1,28,9630388,119,1]
[0,1,28,12273015,147,1]
[0,1,28,12658531,187,1]
[0,1,28,1419195,193,1]
[0,1,28,1428703,21,1]
[0,1,28,16592200,21,1]
[0,1,28,14602340,253,1]
[0,1,28,13793977,223,1]
[0,1,28,13805342,211,1]
[0,1,28,14269282,211,1]
[0,1,28,688228,217,1]
[0,1,28,8156237,11,1]
[0,1,28,6236626,125,1]
[0,1,28,8301108,95,1]
[0,1,28,7879571,127,1]
[0,1,28,9881511,121,1]
[0,1,28,3646937,151,1]
[0,1,28,1689949,55,1]
[0,1,28,84131,25,1]
[0,1,28,6555156,1,1]
[0,1,28,6344145,101,1]
[0,1,28,14520123,97,1]
[0,1,28,3177887,221,1]
[0,1,28,3762469,49,1]
[0,1,28,1064571,57,1]
[0,1,28,4297874,17,1]
[0,1,28,7507517,65,1]
[0,1,28,16227646,115,1]
[0,1,28,2710932,247,1]
[0,1,28,16486172,41,1]
[0,1,28,12057116,251,1]
[0,1,28,12369155,183,1]
[0,1,28,13671253,189,1]
[0,1,28,12774837,209,1]
[0,1,28,12081213,195,1]
[0,1,28,11365754,185,1]
[0,1,28,8525162,173,1]
[0,1,28,13182228,131,1]
[0,1,28,15577092,201,1]
[0,1,28,890963,237,1]
[0,1,28,7083768,13,1]
[0,1,28,4013733,109,1]
[0,1,28,3799188,61,1]
[0,1,28,13978575,57,1]
[0,1,28,9902367,213,1]
[0,1,28,13680643,151,1]
[0,1,28,7127004,209,1]
[0,1,28,5173682,109,1]
[0,1,28,9775532,79,1]
[0,1,28,16532084,149,1]
[0,1,28,7137237,253,1]
[0,1,28,15554645,109,1]
[0,1,28,5660414,237,1]
[0,1,28,331117,87,1]
[0,1,28,10023323,5,1]
[0,1,28,7325477,153,1]
[0,1,28,9931515,111,1]
[0,1,28,5720832,151,1]
[0,1,28,2768728,87,1]
[0,1,28,9018576,43,1]
[0,1,28,11036215,137,1]
[0,1,28,5264118,169,1]
[0,1,28,12059047,81,1]
[0,1,28,4700921,185,1]
[0,1,28,8233882,71,1]
[0,1,28,8253120,125,1]
[0,1,28,8351557,125,1]
[0,1,28,146547,127,1]
[0,1,28,6068398,3,1]
[0,1,28,7789033,93,1]
[0,1,28,8943329,119,1]
[0,1,28,15376452,137,1]
[0,1,28,12746413,235,1]
[0,1,28,15222638,195,1]
[0,1,28,7581476,233,1]
[0,1,28,5665532,115,1]
[0,1,28,14388027,87,1]
[0,1,28,13529061,219,1]
[0,1,28,6054339,207,1]
[0,1,28,7624441,93,1]
[0,1,28,4904080,117,1]
[0,1,28,7574021,75,1]
[0,1,28,4683258,115,1]
[0,1,28,4834320,71,1]
[0,1,28,8600095,73,1]
[0,1,28,9764224,131,1]
[0,1,28,566628,149,1]
[0,1,28,11720244,9,1]
[0,1,28,13434139,179,1]
[0,1,28,5638157,205,1]
[0,1,28,14727460,87,1]
[0,1,28,3484208,225,1]
[0,1,28,1639641,53,1]
[0,1,28,2222202,25,1]
[0,1,28,12492233,33,1]
[0,1,28,9744189,191,1]
[0,1,28,15869773,149,1]
[0,1,28,14483327,243,1]
[0,1,28,16594438,222,1]
[0,1,28,3545983,253,1]
[0,1,28,15916149,55,1]
[0,1,28,5855556,243,1]
[0,1,28,4648536,89,1]
[0,1,28,5218555,71,1]
[0,1,28,10428622,79,1]
[0,1,28,1276711,159,1]
[0,1,28,2355777,19,1]
[0,1,28,1813854,35,1]
[0,1,28,6806416,27,1]
[0,1,28,7851208,103,1]
[0,1,28,15723721,119,1]
[0,1,28,7195236,239,1]
[0,1,28,5228733,109,1]
[0,1,28,3289500,79,1]
[0,1,28,788502,51,1]
[0,1,28,12717857,13,1]
[0,1,28,9870291,195,1]
[0,1,28,15535185,151,1]
[0,1,28,2236102,237,1]
[0,1,28,12575561,35,1]
[0,1,28,3621971,191,1]
[0,1,28,11890130,55,1]
[0,1,28,3530058,181,1]
[0,1,28,10570914,53,1]
[0,1,28,6297477,161,1]
[0,1,28,14300945,97,1]
[0,1,28,2188691,219,1]
[0,1,28,11451705,33,1]
[0,1,28,13172989,175,1]
[0,1,28,2216658,201,1]
[0,1,28,14294635,33,1]
[0,1,28,12490416,219,1]
[0,1,28,3348499,191,1]
[0,1,28,5888922,51,1]
[0,1,28,10114092,89,1]
[0,1,28,14456457,155,1]
[0,1,28,9679352,221,1]
[0,1,28,2955914,147,1]
[0,1,28,4604703,45,1]
[0,1,28,15778029,71,1]
[0,1,28,16666906,241,1]
[0,1,28,6397524,255,1]
[0,1,28,13990589,97,1]
[0,1,28,15211328,213,1]
[0,1,28,7577710,233,1]
[0,1,28,1440291,115,1]
[0,1,28,3923346,21,1]
[0,1,28,347260,59,1]
[0,1,28,689663,5,1]
[0,1,28,8252132,11,1]
[0,1,28,13525005,125,1]
[0,1,28,10113764,207,1]
[0,1,28,11201727,155,1]
[0,1,28,16305850,171,1]
[0,1,28,14589447,249,1]
[0,1,28,14542960,223,1]
[0,1,28,4918559,221,1]
[0,1,28,6566803,75,1]
[0,1,28,12752259,101,1]
[0,1,28,8675439,195,1]
[0,1,28,2900412,133,1]
[0,1,28,2209156,45,1]
[0,1,28,15117868,33,1]
[0,1,28,1701719,231,1]
[0,1,28,11836399,25,1]
[0,1,28,9654255,181,1]
[0,1,28,5263565,147,1]
[0,1,28,4240106,81,1]
[0,1,28,7249011,65,1]
[0,1,28,13252402,111,1]
[0,1,28,11646358,203,1]
[0,1,28,13563954,177,1]
[0,1,28,9423035,207,1]
[0,1,28,6869942,143,1]
[0,1,28,7499304,105,1]
[0,1,28,9515855,115,1]
[0,1,28,10767835,145,1]
[0,1,28,5320293,165,1]
[0,1,28,9884832,81,1]
[0,1,28,901881,151,1]
[0,1,28,223012,13,1]
[0,1,28,2428964,3,1]
[0,1,28,14570363,37,1]
[0,1,28,13169113,223,1]
[0,1,28,13461327,201,1]
[0,1,28,12660867,205,1]
[0,1,28,4803228,193,1]
[0,1,28,3828569,73,1]
[0,1,28,12519327,59,1]
[0,1,28,3600697,191,1]
[0,1,28,3204201,55,1]
[0,1,28,1837074,49,1]
[0,1,28,12498053,29,1]
[0,1,28,11691984,191,1]
[0,1,28,1708408,179,1]
[0,1,28,4494146,27,1]
[0,1,28,1685312,69,1]
[0,1,28,4465210,25,1]
[0,1,28,10068223,69,1]
[0,1,28,13958593,153,1]
[0,1,28,8712503,213,1]
[0,1,28,7707229,133,1]
[0,1,28,11881248,117,1]
[0,1,28,2379522,181,1]
[0,1,28,6405116,37,1]
[0,1,28,8282154,97,1]
[0,1,28,14079707,127,1]
[0,1,28,1894988,215,1]
[0,1,28,9111205,29,1]
[0,1,28,4705974,139,1]
[0,1,28,1585237,71,1]
[0,1,28,12633466,25,1]
[0,1,28,14098782,193,1]
[0,1,28,223480,215,1]
[0,1,28,231321,3,1]
[0,1,28,6166835,3,1]
[0,1,28,16361239,95,1]
[0,1,28,14543615,249,1]
[0,1,28,9054119,221,1]
[0,1,28,2744629,139,1]
[0,1,28,9384883,41,1]
[0,1,28,8936305,143,1]
[0,1,28,127601,137,1]
[0,1,28,14863544,1,1]
[0,1,28,966845,227,1]
[0,1,28,3260692,15,1]
[0,1,28,16154936,49,1]
[0,1,28,7071590,247,1]
[0,1,28,13618562,107,1]
[0,1,28,13381016,207,1]
[0,1,28,3368516,205,1]
[0,1,28,1629147,51,1]
[0,1,28,9824895,25,1]
[0,1,28,16487766,149,1]
[0,1,28,14808384,251,1]
[0,1,28,6153888,225,1]
[0,1,28,238013,93,1]
[0,1,28,16604073,3,1]
[0,1,28,8833301,253,1]
[0,1,28,1174853,135,1]
[0,1,28,15005575,17,1]
[0,1,28,7015619,229,1]
[0,1,28,13206374,107,1]
[0,1,28,13451912,201,1]
[0,1,28,10345025,205,1]
[0,1,28,5642500,157,1]
[0,1,28,862338,87,1]
[0,1,28,13588805,13,1]
[0,1,28,12743165,207,1]
[0,1,28,7667193,195,1]
[0,1,28,3447615,117,1]
[0,1,28,12263775,53,1]
[0,1,28,15474071,187,1]
[0,1,28,13536193,237,1]
[0,1,28,5091923,207,1]
[0,1,28,10270850,77,1]
[0,1,28,14790021,157,1]
[0,1,28,15500535,225,1]
[0,1,28,9061200,237,1]
[0,1,28,2313532,139,1]
[0,1,28,13213314,35,1]
[0,1,28,1942815,201,1]
[0,1,28,7835697,29,1]
[0,1,28,7427192,119,1]
[0,1,28,2343839,113,1]
[0,1,28,3937249,35,1]
[0,1,28,1386229,61,1]
[0,1,28,5658740,21,1]
[0,1,28,5650521,87,1]
[0,1,28,13804664,87,1]
[0,1,28,469093,211,1]
[0,1,28,3955548,7,1]
[0,1,28,5207006,61,1]
[0,1,28,1683682,79,1]
[0,1,28,7306161,25,1]
[0,1,28,2046323,111,1]
[0,1,28,15775799,31,1]
[0,1,28,13211728,241,1]
[0,1,28,1739923,201,1]
[0,1,28,9510630,27,1]
[0,1,28,13240739,145,1]
[0,1,28,424187,203,1]
[0,1,28,9850318,7,1]
[0,1,28,256596,151,1]
[0,1,28,9946207,3,1]
[0,1,28,5350998,151,1]
[0,1,28,9384571,81,1]
[0,1,28,10495632,143,1]
[0,1,28,16265785,161,1]
[0,1,28,13234040,249,1]
[0,1,28,4580970,201,1]
[0,1,28,15009331,69,1]
[0,1,28,7876958,229,1]
[0,1,28,2428734,121,1]
[0,1,28,8696112,37,1]
[0,1,28,5432792,133,1]
[0,1,28,3261182,83,1]
[0,1,28,4188111,49,1]
[0,1,28,10612009,63,1]
[0,1,28,15575715,161,1]
[0,1,28,155530,237,1]
[0,1,28,5555054,3,1]
[0,1,28,8400612,85,1]
[0,1,28,3171805,129,1]
[0,1,28,2524135,49,1]
[0,1,28,10314405,39,1]
[0,1,28,16442040,157,1]
[0,1,28,12000939,251,1]
[0,1,28,13727844,183,1]
[0,1,28,8615751,209,1]
[0,1,28,13635725,131,1]
[0,1,28,9020778,209,1]
[0,1,28,5289382,137,1]
[0,1,28,12334402,81,1]
[0,1,28,4284794,189,1]
[0,1,28,16079770,65,1]
[0,1,28,3527904,245,1]
[0,1,28,14830787,53,1]
[0,1,28,4381646,227,1]
[0,1,28,8451542,67,1]
[0,1,28,14055202,129,1]
[0,1,28,7385002,215,1]
[0,1,28,14664600,113,1]
[0,1,28,14096432,223,1]
[0,1,28,9157005,215,1]
[0,1,28,14487113,139,1]
[0,1,28,10169072,221,1]
[0,1,28,2413499,155,1]
[0,1,28,4610907,37,1]
[0,1,28,5547449,71,1]
[0,1,28,10250631,85,1]
[0,1,28,5317645,157,1]
[0,1,28,8060126,81,1]
[0,1,28,14640199,123,1]
[0,1,28,2383686,223,1]
[0,1,28,2911640,37,1]
[0,1,28,9646500,45,1]
[0,1,28,9663182,147,1]
[0,1,28,3688805,147,1]
[0,1,28,4652059,57,1]
[0,1,28,16205650,71,1]
[0,1,28,16361962,247,1]
[0,1,28,9406682,249,1]
[0,1,28,16700291,143,1]
[0,1,28,1138257,255,1]
[0,1,28,7718420,17,1]
[0,1,28,7532353,117,1]
[0,1,28,14948003,115,1]
[0,1,28,1622334,229,1]
[0,1,28,11175118,25,1]
[0,1,28,8428655,171,1]
[0,1,28,13164396,129,1]
[0,1,28,9135862,201,1]
[0,1,28,13797977,139,1]
[0,1,28,8401806,211,1]
[0,1,28,13004696,129,1]
[0,1,28,14553460,199,1]
[0,1,28,16136162,223,1]
[0,1,28,3501322,247,1]
[0,1,28,15271666,53,1]
[0,1,28,1874167,233,1]
[0,1,28,10048212,29,1]
[0,1,28,5973177,153,1]
[0,1,28,13177552,91,1]
[0,1,28,7817533,201,1]
[0,1,28,12773133,119,1]
[0,1,28,7844207,195,1]
[0,1,28,7801451,119,1]
[0,1,28,7983728,119,1]
[0,1,28,5653357,121,1]
[0,1,28,8124647,87,1]
[0,1,28,11212878,123,1]
[0,1,28,15813859,171,1]
[0,1,28,15497736,241,1]
[0,1,28,9467545,237,1]
[0,1,28,9745476,145,1]
[0,1,28,4995887,149,1]
[0,1,28,8681687,77,1]
[0,1,28,6685900,133,1]
[0,1,28,3221213,103,1]
[0,1,28,16636000,49,1]
[0,1,28,10308031,253,1]
[0,1,28,6356757,157,1]
[0,1,28,8211412,98,1]
[0,1,28,5695990,125,1]
[0,1,28,2598216,87,1]
[0,1,28,4777898,39,1]
[0,1,28,16261976,73,1]
[0,1,28,12088494,249,1]
[0,1,28,7535193,185,1]
[0,1,28,10542174,115,1]
[0,1,28,9902473,161,1]
[0,1,28,13892193,151,1]
[0,1,28,2639638,211,1]
[0,1,28,451164,41,1]
[0,1,28,169691,7,1]
[0,1,28,4657008,3,1]
[0,1,28,10086812,71,1]
[0,1,28,11832752,153,1]
[0,1,28,9498980,181,1]
[0,1,28,6055416,145,1]
[0,1,28,14024460,93,1]
[0,1,28,12988773,214,1]
[0,1,28,9798685,199,1]
[0,1,28,927706,149,1]
[0,1,28,10819050,15,1]
[0,1,28,5865162,165,1]
[0,1,28,697991,89,1]
[0,1,28,3603228,11,1]
[0,1,28,1313340,55,1]
[0,1,28,3331133,21,1]
[0,1,28,13107476,51,1]
[0,1,28,9260544,201,1]
[0,1,28,15242261,141,1]
[0,1,28,12314606,233,1]
[0,1,28,11881226,187,1]
[0,1,28,12148704,181,1]
[0,1,28,11389282,185,1]
[0,1,28,11429918,173,1]
[0,1,28,9231567,175,1]
[0,1,28,11025872,141,1]
[0,1,28,10457328,169,1]
[0,1,28,3796765,159,1]
[0,1,28,16435385,57,1]
[0,1,28,13349940,251,1]
[0,1,28,3457681,203,1]
[0,1,28,3284516,53,1]
[0,1,28,12356979,51,1]
[0,1,28,7372021,189,1]
[0,1,28,4441358,113,1]
[0,1,28,4946864,67,1]
[0,1,28,16132628,75,1]
[0,1,28,5504731,247,1]
[0,1,28,5807112,83,1]
[0,1,28,11272527,89,1]
[0,1,28,9432429,173,1]
[0,1,28,2496297,143,1]
[0,1,28,14726911,39,1]
[0,1,28,11378623,225,1]
[0,1,28,131051,173,1]
[0,1,28,2945302,2,1]
[0,1,28,8173282,45,1]
[0,1,28,14948819,125,1]
[0,1,28,9050361,229,1]
[0,1,28,1067764,139,1]
[0,1,28,11393145,17,1]
[0,1,28,12999786,173,1]
[0,1,28,16139983,199,1]
[0,1,28,8469432,247,1]
[0,1,28,5417726,129,1]
[0,1,28,2217645,83,1]
[0,1,28,8802640,33,1]
[0,1,28,15691182,135,1]
[0,1,28,12661724,239,1]
[0,1,28,8514466,193,1]
[0,1,28,6920972,129,1]
[0,1,28,16221842,105,1]
[0,1,28,5859889,247,1]
[0,1,28,4375160,89,1]
[0,1,28,13020643,67,1]
[0,1,28,10176147,199,1]
[0,1,28,71120,155,1]
[0,1,28,3552720,1,1]
[0,1,28,7133570,55,1]
[0,1,28,9028430,109,1]
[0,1,28,1633856,137,1]
[0,1,28,11319289,25,1]
[0,1,28,6040593,173,1]
[0,1,28,5936374,93,1]
[0,1,28,7521159,91,1]
[0,1,28,1564041,115,1]
[0,1,28,11885189,23,1]
[0,1,28,12018840,181,1]
[0,1,28,8772817,183,1]
[0,1,28,11135774,133,1]
[0,1,28,1063160,169,1]
[0,1,28,9509059,17,1]
[0,1,28,1038836,145,1]
[0,1,28,5593850,15,1]
[0,1,28,9408103,85,1]
[0,1,28,14674576,143,1]
[0,1,28,10002375,223,1]
[0,1,28,1361447,153,1]
[0,1,28,7258442,21,1]
[0,1,28,3887780,111,1]
[0,1,28,1265631,59,1]
[0,1,28,8508957,19,1]
[0,1,28,2812608,129,1]
[0,1,28,13430811,43,1]
[0,1,28,6153384,205,1]
[0,1,28,8027875,93,1]
[0,1,28,10902232,123,1]
[0,1,28,3981223,167,1]
[0,1,28,1904755,61,1]
[0,1,28,5653952,29,1]
[0,1,28,12545346,87,1]
[0,1,28,8649928,191,1]
[0,1,28,8159357,131,1]
[0,1,28,6855182,125,1]
[0,1,28,2702463,105,1]
[0,1,28,12395124,41,1]
[0,1,28,2897397,189,1]
[0,1,28,1483603,45,1]
[0,1,28,12469017,23,1]
[0,1,28,4997411,191,1]
[0,1,28,5911881,77,1]
[0,1,28,56521,91,1]
[0,1,28,16665946,1,1]
[0,1,28,3713072,255,1]
[0,1,28,7233939,57,1]
[0,1,28,10297583,111,1]
[0,1,28,11656964,157,1]
[0,1,28,7979830,177,1]
[0,1,28,9711560,121,1]
[0,1,28,9726942,149,1]
[0,1,28,10485340,149,1]
[0,1,28,3914399,159,1]
[0,1,28,12328296,59,1]
[0,1,28,12178548,189,1]
[0,1,28,5903595,185,1]
[0,1,28,3927926,91,1]
[0,1,28,11363434,59,1]
[0,1,28,10237881,173,1]
[0,1,28,1287201,157,1]
[0,1,28,10434544,19,1]
[0,1,28,2161868,159,1]
[0,1,28,2975443,33,1]
[0,1,28,13231542,45,1]
[0,1,28,206666,201,1]
[0,1,28,14489142,3,1]
[0,1,28,16705167,221,1]
[0,1,28,5498352,255,1]
[0,1,28,10906310,83,1]
[0,1,28,6647137,167,1]
[0,1,28,12593975,101,1]
[0,1,28,10474587,193,1]
[0,1,28,13003762,159,1]
[0,1,28,3374014,199,1]
[0,1,28,2233494,51,1]
[0,1,28,6715519,35,1]
[0,1,28,10231226,103,1]
[0,1,28,2636202,157,1]
[0,1,28,400442,41,1]
[0,1,28,4929727,7,1]
[0,1,28,11951238,75,1]
[0,1,28,7227699,183,1]
[0,1,28,9060471,111,1]
[0,1,28,5821878,139,1]
[0,1,28,1203434,89,1]
[0,1,28,11497747,19,1]
[0,1,28,15695295,175,1]
[0,1,28,9699567,239,1]
[0,1,28,11107468,149,1]
[0,1,28,8238699,169,1]
[0,1,28,10596158,125,1]
[0,1,28,201892,161,1]
[0,1,28,9066409,3,1]
[0,1,28,11803787,139,1]
[0,1,28,8644028,181,1]
[0,1,28,14282234,131,1]
[0,1,28,1956302,217,1]
[0,1,28,11188866,29,1]
[0,1,28,10471121,171,1]
[0,1,28,3396630,159,1]
[0,1,28,684143,51,1]
[0,1,28,3260494,11,1]
[0,1,28,3696973,49,1]
[0,1,28,13806451,57,1]
[0,1,28,14085589,211,1]
[0,1,28,6815481,215,1]
[0,1,28,16681502,103,1]
[0,1,28,9284305,255,1]
[0,1,28,8482388,141,1]
[0,1,28,7677293,129,1]
[0,1,28,4837827,117,1]
[0,1,28,14773133,73,1]
[0,1,28,6468573,225,1]
[0,1,28,2727723,99,1]
[0,1,28,11396291,41,1]
[0,1,28,5123348,173,1]
[0,1,28,3348686,79,1]
[0,1,28,15125563,51,1]
[0,1,28,11743714,231,1]
[0,1,28,14744648,179,1]
[0,1,28,7134279,225,1]
[0,1,28,15926360,109,1]
[0,1,28,9050053,243,1]
[0,1,28,3901279,139,1]
[0,1,28,8158669,59,1]
[0,1,28,6646739,125,1]
[0,1,28,3818171,101,1]
[0,1,28,192452,59,1]
[0,1,28,15742540,3,1]
[0,1,28,8276269,241,1]
[0,1,28,8203573,127,1]
[0,1,28,114875,125,1]
[0,1,28,1701012,1,1]
[0,1,28,5575563,25,1]
[0,1,28,9127195,85,1]
[0,1,28,13743487,139,1]
[0,1,28,8346141,209,1]
[0,1,28,8885838,127,1]
[0,1,28,1994981,135,1]
[0,1,28,8612588,31,1]
[0,1,28,16379559,131,1]
[0,1,28,8559358,249,1]
[0,1,28,13758253,131,1]
[0,1,28,14771569,209,1]
[0,1,28,13273715,225,1]
[0,1,28,16156836,203,1]
[0,1,28,6352249,247,1]
[0,1,28,3287507,97,1]
[0,1,28,5720099,51,1]
[0,1,28,5002886,87,1]
[0,1,28,15966863,77,1]
[0,1,28,15145928,243,1]
[0,1,28,436656,231,1]
[0,1,28,8537830,7,1]
[0,1,28,8151729,131,1]
[0,1,28,1378620,125,1]
[0,1,28,5951876,21,1]
[0,1,28,12668070,91,1]
[0,1,28,9680433,193,1]
[0,1,28,10347426,147,1]
[0,1,28,12954872,157,1]
[0,1,28,2577363,197,1]
[0,1,28,12298617,39,1]
[0,1,28,2879565,187,1]
[0,1,28,11405096,43,1]
[0,1,28,14970868,175,1]
[0,1,28,12282322,229,1]
[0,1,28,14408424,187,1]
[0,1,28,12593939,219,1]
[0,1,28,15784111,193,1]
[0,1,28,1128024,241,1]
[0,1,28,14114673,17,1]
[0,1,28,11561967,215,1]
[0,1,28,968595,177,1]
[0,1,28,5090949,15,1]
[0,1,28,3126740,77,1]
[0,1,28,7969782,47,1]
[0,1,28,7930144,121,1]
[0,1,28,7811188,121,1]
[0,1,28,11925713,119,1]
[0,1,28,8026986,181,1]
[0,1,28,13774706,123,1]
[0,1,28,3194854,211,1]
[0,1,28,4405212,49,1]
[0,1,28,6505436,67,1]
[0,1,28,10719720,99,1]
[0,1,28,15668458,163,1]
[0,1,28,13362431,239,1]
[0,1,28,6815179,203,1]
[0,1,28,4649083,103,1]
[0,1,28,11126214,71,1]
[0,1,28,3172346,169,1]
[0,1,28,6520512,49,1]
[0,1,28,14948727,99,1]
[0,1,28,13298469,229,1]
[0,1,28,5533555,203,1]
[0,1,28,12031951,85,1]
[0,1,28,10075521,183,1]
[0,1,28,1104163,153,1]
[0,1,28,6258189,17,1]
[0,1,28,7996866,95,1]
[0,1,28,15510196,123,1]
[0,1,28,5570829,237,1]
[0,1,28,16163647,85,1]
[0,1,28,4082237,247,1]
[0,1,28,6462046,63,1]
[0,1,28,11013613,99,1]
[0,1,28,11273127,169,1]
[0,1,28,15445863,173,1]
[0,1,28,1361629,235,1]
[0,1,28,14902348,21,1]
[0,1,28,4240017,227,1]
[0,1,28,12452760,65,1]
[0,1,28,11853840,191,1]
[0,1,28,9445247,181,1]
[0,1,28,11364087,145,1]
[0,1,28,16357090,173,1]
[0,1,28,6320775,249,1]
[0,1,28,11331450,97,1]
[0,1,28,7561620,173,1]
[0,1,28,10879726,115,1]
[0,1,28,6733617,167,1]
[0,1,28,638399,103,1]
[0,1,28,11364621,9,1]
[0,1,28,1063727,173,1]
[0,1,28,4727747,17,1]
[0,1,28,1020367,73,1]
[0,1,28,14728947,15,1]
[0,1,28,5988074,225,1]
[0,1,28,11000989,91,1]
[0,1,28,13589112,167,1]
[0,1,28,9591103,207,1]
[0,1,28,6877943,147,1]
[0,1,28,14070690,105,1]
[0,1,28,8354950,215,1]
[0,1,28,3559659,127,1]
[0,1,28,12083142,55,1]
[0,1,28,3107060,185,1]
[0,1,28,1856689,47,1]
[0,1,28,14965502,29,1]
[0,1,28,3394531,229,1]
[0,1,28,5686885,51,1]
[0,1,28,14580474,87,1]
[0,1,28,1747253,223,1]
[0,1,28,4228961,27,1]
[0,1,28,9191157,65,1]
[0,1,28,1000436,141,1]
[0,1,28,12829332,15,1]
[0,1,28,13597815,195,1]
[0,1,28,4053374,207,1]
[0,1,28,4591090,61,1]
[0,1,28,6407760,71,1]
[0,1,28,8549977,97,1]
[0,1,28,5213098,131,1]
[0,1,28,6107486,79,1]
[0,1,28,583562,93,1]
[0,1,28,1850936,9,1]
[0,1,28,523229,29,1]
[0,1,28,9298111,7,1]
[0,1,28,12223364,141,1]
[0,1,28,5308520,187,1]
[0,1,28,13954139,81,1]
[0,1,28,3996124,213,1]
[0,1,28,1002380,61,1]
[0,1,28,9066148,15,1]
[0,1,28,12831795,139,1]
[0,1,28,6822974,195,1]
[0,1,28,12662017,105,1]
[0,1,28,620051,193,1]
[0,1,28,8429562,9,1]
[0,1,28,16025768,129,1]
[0,1,28,7494639,245,1]
[0,1,28,5260313,115,1]
[0,1,28,11904994,81,1]
[0,1,28,7618660,181,1]
[0,1,28,15096923,117,1]
[0,1,28,13470546,231,1]
[0,1,28,3155840,205,1]
[0,1,28,1167602,49,1]
[0,1,28,11898025,17,1]
[0,1,28,9889894,181,1]
[0,1,28,13897375,151,1]
[0,1,28,3482490,213,1]
[0,1,28,10002888,53,1]
[0,1,28,13215724,153,1]
[0,1,28,12122110,201,1]
[0,1,28,8468724,185,1]
[0,1,28,15615559,129,1]
[0,1,28,14951496,239,1]
[0,1,28,3053019,229,1]
[0,1,28,10177307,47,1]
[0,1,28,15850629,155,1]
[0,1,28,10820510,241,1]
[0,1,28,16262780,165,1]
[0,1,28,15693957,249,1]
[0,1,28,4327556,239,1]
[0,1,28,984925,67,1]
[0,1,28,4532803,15,1]
[0,1,28,8746418,69,1]
[0,1,28,2761890,133,1]
[0,1,28,2687819,43,1]
[0,1,28,10995303,41,1]
[0,1,28,3712272,167,1]
[0,1,28,4902664,57,1]
[0,1,28,10909776,75,1]
[0,1,28,16254269,167,1]
[0,1,28,15001151,249,1]
[0,1,28,11855650,229,1]
[0,1,28,13611108,181,1]
[0,1,28,12717289,207,1]
[0,1,28,14333056,195,1]
[0,1,28,11944421,219,1]
[0,1,28,7586429,183,1]
[0,1,28,999314,115,1]
[0,1,28,8871914,15,1]
[0,1,28,11279802,135,1]
[0,1,28,3690586,173,1]
[0,1,28,16357273,57,1]
[0,1,28,14000533,249,1]
[0,1,28,923767,213,1]
[0,1,28,1816826,15,1]
[0,1,28,10894359,27,1]
[0,1,28,4346726,167,1]
[0,1,28,12976598,67,1]
[0,1,28,3818000,199,1]
[0,1,28,12829779,59,1]
[0,1,28,4427990,195,1]
[0,1,28,6229051,67,1]
[0,1,28,2647626,95,1]
[0,1,28,2881439,41,1]
[0,1,28,2403533,43,1]
[0,1,28,11890434,37,1]
[0,1,28,15916876,181,1]
[0,1,28,1710116,243,1]
[0,1,28,9722645,27,1]
[0,1,28,5166497,149,1]
[0,1,28,10632173,79,1]
[0,1,28,7764067,163,1]
[0,1,28,2366294,119,1]
[0,1,28,1669540,37,1]
[0,1,28,14256600,25,1]
[0,1,28,1541764,217,1]
[0,1,28,3416071,23,1]
[0,1,28,14786644,53,1]
[0,1,28,406959,225,1]
[0,1,28,10235583,7,1]
[0,1,28,10007954,157,1]
[0,1,28,10708190,153,1]
[0,1,28,12975911,163,1]
[0,1,28,3757942,198,1]
[0,1,28,6931388,57,1]
[0,1,28,1010826,105,1]
[0,1,28,5830615,15,1]
[0,1,28,6496303,89,1]
[0,1,28,13782662,99,1]
[0,1,28,12208841,211,1]
[0,1,28,8898454,187,1]
[0,1,28,13954470,135,1]
[0,1,28,8489190,213,1]
[0,1,28,2823053,129,1]
[0,1,28,6996531,43,1]
[0,1,28,10454076,107,1]
[0,1,28,11461653,159,1]
[0,1,28,159616,175,1]
[0,1,28,10769344,3,1]
[0,1,28,14549498,165,1]
[0,1,28,90052,223,1]
[0,1,28,7121766,1,1]
[0,1,28,3222780,109,1]
[0,1,28,10786499,49,1]
[0,1,28,7687518,165,1]
[0,1,28,12670414,117,1]
[0,1,28,15612842,193,1]
[0,1,28,8206958,239,1]
[0,1,28,979611,125,1]
[0,1,28,12387888,15,1]
[0,1,28,4285357,189,1]
[0,1,28,10306965,65,1]
[0,1,28,3460755,157,1]
[0,1,28,6027126,53,1]
[0,1,28,9283474,91,1]
[0,1,28,13053372,141,1]
[0,1,28,14440814,199,1]
[0,1,28,9948962,221,1]
[0,1,28,7423106,151,1]
[0,1,28,13906765,113,1]
[0,1,28,14611873,213,1]
[0,1,28,3366717,223,1]
[0,1,28,967303,51,1]
[0,1,28,14372100,15,1]
[0,1,28,7500098,219,1]
[0,1,28,9935848,115,1]
[0,1,28,5447456,151,1]
[0,1,28,10570816,83,1]
[0,1,28,8634303,161,1]
[0,1,28,14162813,131,1]
[0,1,28,9177477,217,1]
[0,1,28,3559255,141,1]
[0,1,28,1113361,55,1]
[0,1,28,6840891,17,1]
[0,1,28,12803742,105,1]
[0,1,28,10422129,195,1]
[0,1,28,3615983,159,1]
[0,1,28,7040782,55,1]
[0,1,28,14862914,107,1]
[0,1,28,2174217,227,1]
[0,1,28,13590531,33,1]
[0,1,28,6928294,207,1]
[0,1,28,8674492,105,1]
[0,1,28,4357071,133,1]
[0,1,28,8703177,67,1]
[0,1,28,187638,133,1]
[0,1,28,14355143,3,1]
[0,1,28,10325520,219,1]
[0,1,28,4660789,157,1]
[0,1,28,2313042,71,1]
[0,1,28,8685618,35,1]
[0,1,28,12857053,133,1]
[0,1,28,5423108,197,1]
[0,1,28,15919493,83,1]
[0,1,28,10437081,243,1]
[0,1,28,2182289,159,1]
[0,1,28,9224322,33,1]
[0,1,28,9546909,141,1]
[0,1,28,3717270,145,1]
[0,1,28,14571061,57,1]
[0,1,28,16563026,223,1]
[0,1,28,14741056,253,1]
[0,1,28,7721873,225,1]
[0,1,28,13281069,117,1]
[0,1,28,1743079,203,1]
[0,1,28,4819662,27,1]
[0,1,28,3023311,73,1]
[0,1,28,8371043,47,1]
[0,1,28,11853081,127,1]
[0,1,28,3397183,181,1]
[0,1,28,8503084,51,1]
[0,1,28,759038,129,1]
[0,1,28,4797615,11,1]
[0,1,28,428444,73,1]
[0,1,28,2144586,7,1]
[0,1,28,2936386,33,1]
[0,1,28,13252059,45,1]
[0,1,28,3613423,203,1]
[0,1,28,16470996,55,1]
[0,1,28,9810536,251,1]
[0,1,28,4927849,149,1]
[0,1,28,2901397,75,1]
[0,1,28,12857283,45,1]
[0,1,28,11297359,197,1]
[0,1,28,6878598,173,1]
[0,1,28,3767082,105,1]
[0,1,28,5815580,57,1]
[0,1,28,15045028,89,1]
[0,1,28,15133812,229,1]
[0,1,28,13145981,231,1]
[0,1,28,1918065,201,1]
[0,1,28,2955950,29,1]
[0,1,28,16072395,45,1]
[0,1,28,11252174,245,1]
[0,1,28,7935732,171,1]
[0,1,28,3530333,121,1]
[0,1,28,14002564,53,1]
[0,1,28,8096956,213,1]
[0,1,28,12120145,123,1]
[0,1,28,5259726,185,1]
[0,1,28,10315366,81,1]
[0,1,28,2667823,157,1]
[0,1,28,5345781,41,1]
[0,1,28,14405851,81,1]
[0,1,28,1105826,219,1]
[0,1,28,14211984,17,1]
[0,1,28,15363694,217,1]
[0,1,28,6167593,235,1]
[0,1,28,5313540,95,1]
[0,1,28,13570659,81,1]
[0,1,28,7045736,207,1]
[0,1,28,10515243,107,1]
[0,1,28,399135,161,1]
[0,1,28,9432673,7,1]
[0,1,28,12830206,143,1]
[0,1,28,5947136,195,1]
[0,1,28,1016024,91,1]
[0,1,28,11816853,15,1]
[0,1,28,12389333,181,1]
[0,1,28,10187465,189,1]
[0,1,28,2623262,155,1]
[0,1,28,2954932,41,1]
[0,1,28,11689433,45,1]
[0,1,28,14005545,179,1]
[0,1,28,14769127,213,1]
[0,1,28,9960827,225,1]
[0,1,28,15882907,151,1]
[0,1,28,6335396,243,1]
[0,1,28,5404690,97,1]
[0,1,28,7746055,83,1]
[0,1,28,5517036,119,1]
[0,1,28,2820625,85,1]
[0,1,28,7860606,43,1]
[0,1,28,12624264,119,1]
[0,1,28,12241892,193,1]
[0,1,28,14967696,187,1]
[0,1,28,11876538,229,1]
[0,1,28,566581,181,1]
[0,1,28,13525751,9,1]
[0,1,28,12303412,207,1]
[0,1,28,14991785,187,1]
[0,1,28,8371395,229,1]
[0,1,28,6258418,127,1]
[0,1,28,13835265,95,1]
[0,1,28,215944,211,1]
[0,1,28,7001172,3,1]
[0,1,28,7347185,107,1]
[0,1,28,5721001,113,1]
[0,1,28,6271523,87,1]
[0,1,28,12943992,95,1]
[0,1,28,4765689,197,1]
[0,1,28,16227909,73,1]
[0,1,28,2320018,247,1]
[0,1,28,8644213,35,1]
[0,1,28,5821870,131,1]
[0,1,28,15432274,89,1]
[0,1,28,16131009,235,1]
[0,1,28,11849699,247,1]
[0,1,28,3770783,181,1]
[0,1,28,6395177,57,1]
[0,1,28,7102539,97,1]
[0,1,28,6628360,109,1]
[0,1,28,7785371,101,1]
[0,1,28,4009849,119,1]
[0,1,28,12317049,61,1]
[0,1,28,15512661,187,1]
[0,1,28,16210298,237,1]
[0,1,28,15484900,247,1]
[0,1,28,11879186,237,1]
[0,1,28,2108592,181,1]
[0,1,28,2299759,33,1]
[0,1,28,3207173,35,1]
[0,1,28,5642322,49,1]
[0,1,28,11552531,87,1]
[0,1,28,8457787,177,1]
[0,1,28,16423922,129,1]
[0,1,28,15222826,251,1]
[0,1,28,76753,233,1]
[0,1,28,13323785,1,1]
[0,1,28,5417706,203,1]
[0,1,28,12623921,83,1]
[0,1,28,3926262,193,1]
[0,1,28,3373787,59,1]
[0,1,28,14092100,51,1]
[0,1,28,9748928,215,1]
[0,1,28,10426056,149,1]
[0,1,28,8795643,159,1]
[0,1,28,9325795,135,1]
[0,1,28,9039634,143,1]
[0,1,28,1426072,137,1]
[0,1,28,3405577,21,1]
[0,1,28,5480323,51,1]
[0,1,28,8641753,83,1]
[0,1,28,13552352,131,1]
[0,1,28,855015,207,1]
[0,1,28,4323087,13,1]
[0,1,28,8314191,65,1]
[0,1,28,262959,127,1]
[0,1,28,16480839,5,1]
[0,1,28,13681376,251,1]
[0,1,28,5175541,209,1]
[0,1,28,12772980,79,1]
[0,1,28,9720859,195,1]
[0,1,28,8645764,149,1]
[0,1,28,11652833,131,1]
[0,1,28,5490836,177,1]
[0,1,28,7269885,83,1]
[0,1,28,12703865,111,1]
[0,1,28,14317766,193,1]
[0,1,28,6937915,219,1]
[0,1,28,9219457,105,1]
[0,1,28,8690831,141,1]
[0,1,28,6844280,133,1]
[0,1,28,14942666,105,1]
[0,1,28,1972406,229,1]
[0,1,28,6162455,31,1]
[0,1,28,1662906,95,1]
[0,1,28,5517872,25,1]
[0,1,28,16336897,85,1]
[0,1,28,4847926,249,1]
[0,1,28,16023230,73,1]
[0,1,28,7155671,245,1]
[0,1,28,11869187,109,1]
[0,1,28,15653284,181,1]
[0,1,28,11648682,239,1]
[0,1,28,13125423,177,1]
[0,1,28,2181463,201,1]
[0,1,28,15388041,33,1]
[0,1,28,678801,235,1]
[0,1,28,2017831,11,1]
[0,1,28,14211676,31,1]
[0,1,28,1419993,217,1]
[0,1,28,3122884,21,1]
[0,1,28,8629743,47,1]
[0,1,28,9517579,131,1]
[0,1,28,4315870,145,1]
[0,1,28,16037239,65,1]
[0,1,28,8170129,245,1]
[0,1,28,3818212,125,1]
[0,1,28,13252879,59,1]
[0,1,28,12032943,203,1]
[0,1,28,6176261,183,1]
[0,1,28,5403882,95,1]
[0,1,28,3149099,83,1]
[0,1,28,8675993,49,1]
[0,1,28,11037900,133,1]
[0,1,28,3448731,169,1]
[0,1,28,14309911,53,1]
[0,1,28,13037264,219,1]
[0,1,28,1547619,199,1]
[0,1,28,16513011,23,1]
[0,1,28,9314041,251,1]
[0,1,28,2384118,143,1]
[0,1,28,6023521,37,1]
[0,1,28,5729957,91,1]
[0,1,28,13934626,87,1]
[0,1,28,466037,213,1]
[0,1,28,6946784,7,1]
[0,1,28,6294781,106,1]
[0,1,28,14245894,97,1]
[0,1,28,8542925,217,1]
[0,1,28,14882058,131,1]
[0,1,28,5705236,227,1]
[0,1,28,1232831,87,1]
[0,1,28,15181885,19,1]
[0,1,28,6064260,231,1]
[0,1,28,2787515,93,1]
[0,1,28,235434,43,1]
[0,1,28,3204678,3,1]
[0,1,28,2223659,49,1]
[0,1,28,5156994,33,1]
[0,1,28,13838627,79,1]
[0,1,28,10531315,211,1]
[0,1,28,2285765,161,1]
[0,1,28,7149352,35,1]
[0,1,28,2244078,109,1]
[0,1,28,11183272,35,1]
[0,1,28,13123389,171,1]
[0,1,28,10829849,201,1]
[0,1,28,11146266,165,1]
[0,1,28,9732387,171,1]
[0,1,28,10701217,149,1]
[0,1,28,13972957,163,1]
[0,1,28,4909507,213,1]
[0,1,28,2338747,75,1]
[0,1,28,14939777,35,1]
[0,1,28,7593282,227,1]
[0,1,28,12108276,115,1]
[0,1,28,12585648,185,1]
[0,1,28,1285565,193,1]
[0,1,28,11364213,19,1]
[0,1,28,5879669,173,1]
[0,1,28,8788521,89,1]
[0,1,28,13190986,135,1]
[0,1,28,10782232,201,1]
[0,1,28,11925085,165,1]
[0,1,28,9871452,181,1]
[0,1,28,14856025,151,1]
[0,1,28,13151995,227,1]
[0,1,28,15332330,201,1]
[0,1,28,15743908,233,1]
[0,1,28,6427474,241,1]
[0,1,28,8669818,99,1]
[0,1,28,13729127,133,1]
[0,1,28,13244893,209,1]
[0,1,28,10522457,203,1]
[0,1,28,8780357,161,1]
[0,1,28,5357416,133,1]
[0,1,28,16708706,81,1]
[0,1,28,4804983,255,1]
[0,1,28,7251561,73,1]
[0,1,28,636718,111,1]
[0,1,28,14454196,9,1]
[0,1,28,13409128,221,1]
[0,1,28,1786418,205,1]
[0,1,28,4774393,27,1]
[0,1,28,11008727,73,1]
[0,1,28,3774196,167,1]
[0,1,28,16179229,57,1]
[0,1,28,1158476,247,1]
[0,1,28,413580,17,1]
[0,1,28,14833200,7,1]
[0,1,28,15233887,227,1]
[0,1,28,4931091,233,1]
[0,1,28,8545560,75,1]
[0,1,28,12282958,131,1]
[0,1,28,14829639,187,1]
[0,1,28,8919222,227,1]
[0,1,28,13147749,137,1]
[0,1,28,9482168,201,1]
[0,1,28,4455810,145,1]
[0,1,28,12577220,67,1]
[0,1,28,10301578,191,1]
[0,1,28,4660693,157,1]
[0,1,28,5569657,71,1]
[0,1,28,13517222,85,1]
[0,1,28,5876760,207,1]
[0,1,28,7991823,89,1]
[0,1,28,8331034,121,1]
[0,1,28,11559090,127,1]
[0,1,28,10365401,177,1]
[0,1,28,14748473,159,1]
[0,1,28,13198145,225,1]
[0,1,28,1643369,201,1]
[0,1,28,11119873,25,1]
[0,1,28,3316419,169,1]
[0,1,28,6469276,51,1]
[0,1,28,7714371,99,1]
[0,1,28,14104302,117,1]
[0,1,28,7835861,215,1]
[0,1,28,9337252,119,1]
[0,1,28,5255466,143,1]
[0,1,28,5546,81,1]
[0,1,28,8225150,1,1]
[0,1,28,4552986,125,1]
[0,1,28,6751102,69,1]
[0,1,28,14549722,103,1]
[0,1,28,4053021,223,1]
[0,1,28,9867206,61,1]
[0,1,28,9288558,151,1]
[0,1,28,16279684,141,1]
[0,1,28,13045455,249,1]
[0,1,28,1072944,199,1]
[0,1,28,11362842,17,1]
[0,1,28,6772823,173,1]
[0,1,28,14244258,103,1]
[0,1,28,9472594,217,1]
[0,1,28,1822643,145,1]
[0,1,28,11886513,27,1]
[0,1,28,12931193,181,1]
[0,1,28,1903658,197,1]
[0,1,28,9660209,29,1]
[0,1,28,16059531,147,1]
[0,1,28,4461804,245,1]
[0,1,28,2796695,69,1]
[0,1,28,11861506,43,1]
[0,1,28,10249379,181,1]
[0,1,28,10563460,157,1]
[0,1,28,5633750,161,1]
[0,1,28,8534903,85,1]
[0,1,28,1621185,131,1]
[0,1,28,15676842,25,1]
[0,1,28,7154200,239,1]
[0,1,28,14462073,109,1]
[0,1,28,14035118,221,1]
[0,1,28,7362039,215,1]
[0,1,28,6624133,113,1]
[0,1,28,8270297,101,1]
[0,1,28,8450977,127,1]
[0,1,28,2413697,129,1]
[0,1,28,291654,37,1]
[0,1,28,15496876,5,1]
[0,1,28,5083361,237,1]
[0,1,28,10392058,77,1]
[0,1,28,4361492,159,1]
[0,1,28,2624810,67,1]
[0,1,28,7830254,41,1]
[0,1,28,7848409,119,1]
[0,1,28,16412761,119,1]
[0,1,28,12068220,251,1]
[0,1,28,14097164,185,1]
[0,1,28,6604300,215,1]
[0,1,28,3929593,101,1]
[0,1,28,3814201,59,1]
[0,1,28,14869703,59,1]
[0,1,28,9956082,227,1]
[0,1,28,2920821,151,1]
[0,1,28,4813903,45,1]
[0,1,28,3446972,73,1]
[0,1,28,9612731,53,1]
[0,1,28,10784735,147,1]
[0,1,28,1397603,165,1]
[0,1,28,8989603,21,1]
[0,1,28,7632887,137,1]
[0,1,28,1668547,117,1]
[0,1,28,1060097,25,1]
[0,1,28,9987771,17,1]
[0,1,28,12703506,153,1]
[0,1,28,905384,193,1]
[0,1,28,4839167,13,1]
[0,1,28,1384279,73,1]
[0,1,28,7227947,21,1]
[0,1,28,3891352,111,1]
[0,1,28,11084313,59,1]
[0,1,28,6146072,169,1]
[0,1,28,1983479,93,1]
[0,1,28,14839357,31,1]
[0,1,28,6808814,227,1]
[0,1,28,14207939,103,1]
[0,1,28,6432615,217,1]
[0,1,28,13276093,99,1]
[0,1,28,16142627,203,1]
[0,1,28,8737255,247,1]
[0,1,28,13328333,133,1]
[0,1,28,6523071,203,1]
[0,1,28,5199966,99,1]
[0,1,28,14892511,79,1]
[0,1,28,2280459,227,1]
[0,1,28,314470,35,1]
[0,1,28,10548061,5,1]
[0,1,28,16415701,161,1]
[0,1,28,5962659,251,1]
[0,1,28,13135117,91,1]
[0,1,28,9203143,201,1]
[0,1,28,14167297,141,1]
[0,1,28,6390355,217,1]
[0,1,28,3166766,97,1]
[0,1,28,13349743,49,1]
[0,1,28,8095481,203,1]
[0,1,28,13721538,123,1]
[0,1,28,3414448,209,1]
[0,1,28,3080208,53,1]
[0,1,28,458653,47,1]
[0,1,28,12048462,8,1]
[0,1,28,16738471,183,1]
[0,1,28,7812778,255,1]
[0,1,28,13402793,119,1]
[0,1,28,4124468,205,1]
[0,1,28,7380144,63,1]
[0,1,28,16038351,113,1]
[0,1,28,8942077,245,1]
[0,1,28,3845051,137,1]
[0,1,28,10227109,59,1]
[0,1,28,4324171,157,1]
[0,1,28,166823,65,1]
[0,1,28,143521,3,1]
[0,1,28,1838828,3,1]
[0,1,28,15885193,29,1]
[0,1,28,10569295,243,1]
[0,1,28,12359750,161,1]
[0,1,28,14540881,189,1]
[0,1,28,16009546,221,1]
[0,1,28,8440302,245,1]
[0,1,28,2795294,129,1]
[0,1,28,3198250,43,1]
[0,1,28,8491270,49,1]
[0,1,28,8545134,129,1]
[0,1,28,11365054,131,1]
[0,1,28,4494155,173,1]
[0,1,28,4552235,69,1]
[0,1,28,3251414,69,1]
[0,1,28,7148385,49,1]
[0,1,28,14107013,109,1]
[0,1,28,12669117,215,1]
[0,1,28,6524042,193,1]
[0,1,28,11388435,99,1]
[0,1,28,10904150,173,1]
[0,1,28,8713033,167,1]
[0,1,28,8199589,133,1]
[0,1,28,10615163,125,1]
[0,1,28,10247653,161,1]
[0,1,28,16378331,157,1]
[0,1,28,4673085,249,1]
[0,1,28,13283482,71,1]
[0,1,28,12878015,203,1]
[0,1,28,15846796,197,1]
[0,1,28,2029836,241,1]
[0,1,28,16653714,31,1]
[0,1,28,13129640,255,1]
[0,1,28,15570978,201,1]
[0,1,28,6236341,237,1]
[0,1,28,1683988,95,1]
[0,1,28,3552857,25,1]
[0,1,28,160166,55,1]
[0,1,28,855428,3,1]
[0,1,28,1099880,13,1]
[0,1,28,5681699,17,1]
[0,1,28,12416800,87,1]
[0,1,28,5034534,189,1]
[0,1,28,12735755,77,1]
[0,1,28,3959623,195,1]
[0,1,28,6917279,61,1]
[0,1,28,1696100,105,1]
[0,1,28,6524992,25,1]
[0,1,28,10887417,99,1]
[0,1,28,15501424,167,1]
[0,1,28,5906031,237,1]
[0,1,28,5329532,91,1]
[0,1,28,6750745,81,1]
[0,1,28,1774434,103,1]
[0,1,28,9021842,27,1]
[0,1,28,7548290,137,1]
[0,1,28,7206788,115,1]
[0,1,28,14929314,109,1]
[0,1,28,8115284,227,1]
[0,1,28,8401569,123,1]
[0,1,28,4900616,129,1]
[0,1,28,15098504,75,1]
[0,1,28,12080703,231,1]
[0,1,28,467118,185,1]
[0,1,28,14620991,7,1]
[0,1,28,11841659,223,1]
[0,1,28,1553280,181,1]
[0,1,28,1648960,23,1]
[0,1,28,7511964,25,1]
[0,1,28,1936980,115,1]
[0,1,28,1109697,29,1]
[0,1,28,1553012,17,1]
[0,1,28,447139,23,1]
[0,1,28,14386768,7,1]
[0,1,28,16545047,219,1]
[0,1,28,11626633,253,1]
[0,1,28,9893462,177,1]
[0,1,28,5664653,151,1]
[0,1,28,3668755,87,1]
[0,1,28,15223633,55,1]
[0,1,28,4637857,233,1]
[0,1,28,4325964,71,1]
[0,1,28,15647967,67,1]
[0,1,28,1592478,239,1]
[0,1,28,12838241,25,1]
[0,1,28,6289209,195,1]
[0,1,28,6892919,95,1]
[0,1,28,3043781,105,1]
[0,1,28,13629941,47,1]
[0,1,28,1810093,207,1]
[0,1,28,4173910,27,1]
[0,1,28,15545391,63,1]
[0,1,28,4016296,237,1]
[0,1,28,12101831,61,1]
[0,1,28,13437960,185,1]
[0,1,28,10427835,205,1]
[0,1,28,3086547,159,1]
[0,1,28,16454702,47,1]
[0,1,28,4598031,251,1]
[0,1,28,11711731,71,1]
[0,1,28,12386934,179,1]
[0,1,28,3512187,189,1]
[0,1,28,8305135,53,1]
[0,1,28,11359499,127,1]
[0,1,28,2509845,173,1]
[0,1,28,3674320,39,1]
[0,1,28,3569563,57,1]
[0,1,28,1830917,55,1]
[0,1,28,4192544,27,1]
[0,1,28,8356206,63,1]
[0,1,28,16365248,127,1]
[0,1,28,12289697,249,1]
[0,1,28,6684154,187,1]
[0,1,28,2711778,101,1]
[0,1,28,16693393,41,1]
[0,1,28,9249112,255,1]
[0,1,28,10212888,141,1]
[0,1,28,2933247,155,1]
[0,1,28,4243062,45,1]
[0,1,28,5957507,65,1]
[0,1,28,5024825,91,1]
[0,1,28,935870,77,1]
[0,1,28,1922038,15,1]
[0,1,28,6011556,29,1]
[0,1,28,16029799,91,1]
[0,1,28,11966060,245,1]
[0,1,28,14714543,183,1]
[0,1,28,13647974,225,1]
[0,1,28,5019509,209,1]
[0,1,28,7975429,77,1]
[0,1,28,5100956,121,1]
[0,1,28,8907640,77,1]
[0,1,28,10714608,135,1]
[0,1,28,3522830,163,1]
[0,1,28,14507250,53,1]
[0,1,28,10580505,221,1]
[0,1,28,14063248,161,1]
[0,1,28,11513787,215,1]
[0,1,28,7388421,175,1]
[0,1,28,9300023,113,1]
[0,1,28,15043892,141,1]
[0,1,28,6716736,229,1]
[0,1,28,10613482,103,1]
[0,1,28,13619923,161,1]
[0,1,28,9302392,207,1]
[0,1,28,12162760,141,1]
[0,1,28,10598233,185,1]
[0,1,28,4613933,161,1]
[0,1,28,9777019,71,1]
[0,1,28,1976039,149,1]
[0,1,28,1858072,31,1]
[0,1,28,835001,29,1]
[0,1,28,9716935,13,1]
[0,1,28,4704440,149,1]
[0,1,28,1169573,71,1]
[0,1,28,16735610,17,1]
[0,1,28,5529120,255,1]
[0,1,28,13367965,85,1]
[0,1,28,4448050,203,1]
[0,1,28,15384102,67,1]
[0,1,28,8453793,235,1]
[0,1,28,7139956,129,1]
[0,1,28,6159061,109,1]
[0,1,28,15037792,93,1]
[0,1,28,16521772,229,1]
[0,1,28,5145493,253,1]
[0,1,28,3606727,79,1]
[0,1,28,4759570,55,1]
[0,1,28,2920641,73,1]
[0,1,28,14867002,45,1]
[0,1,28,8025601,227,1]
[0,1,28,10208202,123,1]
[0,1,28,8765434,155,1]
[0,1,28,16311668,133,1]
[0,1,28,15900148,249,1]
[0,1,28,10091242,243,1]
[0,1,28,8904003,153,1]
[0,1,28,13744803,135,1]
[0,1,28,6710118,209,1]
[0,1,28,6971506,103,1]
[0,1,28,2142679,107,1]
[0,1,28,1708593,33,1]
[0,1,28,12810998,27,1]
[0,1,28,15405109,195,1]
[0,1,28,16256448,235,1]
[0,1,28,2210432,249,1]
[0,1,28,739965,33,1]
[0,1,28,6645090,11,1]
[0,1,28,324034,101,1]
[0,1,28,9995758,5,1]
[0,1,28,14815234,153,1]
[0,1,28,16260575,227,1]
[0,1,28,3707933,249,1]
[0,1,28,3264758,57,1]
[0,1,28,15280981,49,1]
[0,1,28,5889741,233,1]
[0,1,28,1720544,89,1]
[0,1,28,15111409,27,1]
[0,1,28,15154284,231,1]
[0,1,28,2086325,231,1]
[0,1,28,13839961,31,1]
[0,1,28,14629138,211,1]
[0,1,28,14306564,223,1]
[0,1,28,7500098,219,1]
